0    1   15
0    2   17
0    3   21
0    4   23
0    5   12
0    6    7
0    7    9
1    0   15
1    2    3
1    3    8
1    4   11
1    5   22
1    6   17
1    7   27
2    0   17
2    1    3
2    3   30
2    4   32
2    5   19
2    6   16
2    7   21
3    0   21
3    1    8
3    2   30
3    4   26
3    5   13
3    6   41
3    7   19
4    0   23
4    1   11
4    2   32
4    3   26
4    5   14
4    6   36
4    7   33
5    0   12
5    1   22
5    2   19
5    3   13
5    4   14
5    6    9
5    7   14
6    0    7
6    1   17
6    2   16
6    3   41
6    4   36
6    5    9
6    7   11
7    0    9
7    1   27
7    2   32
7    3   19
7    4   33
7    5   14
7    6   11
